pos	WT	mean_score	entropy	mean_log2f_var	mean_matrix
177	W	-0.558079	0.0414	-21.3431	-0.479800
170	W	-0.546858	0.0864	-19.9572	-0.479800
125	W	-0.530074	0.1533	-17.8718	-0.479800
111	F	-0.430921	0.1616	-19.2638	-0.341689
176	G	-0.429147	0.1772	-19.1090	-0.342289
1	M	-0.425789	0.0003	-20.2303	-0.309095
175	G	-0.423584	0.1993	-18.4160	-0.342289
119	F	-0.421284	0.1857	-17.8129	-0.341689
126	G	-0.415468	0.2480	-17.7050	-0.342289
122	G	-0.386226	0.4023	-14.7554	-0.342289
134	F	-0.380632	0.6498	-18.2125	-0.341689
78	L	-0.375605	0.4208	-17.4544	-0.312584
171	I	-0.374558	0.6419	-18.0376	-0.333974
93	F	-0.367768	0.7898	-18.2161	-0.341689
208	F	-0.367753	0.7006	-16.6046	-0.341689
135	G	-0.365642	0.8484	-18.7686	-0.342289
127	R	-0.360316	0.3922	-16.9530	-0.292484
82	G	-0.353605	0.8991	-17.3239	-0.342289
34	V	-0.346653	0.9080	-18.8118	-0.324326
209	F	-0.346516	0.8809	-15.6940	-0.341689
114	I	-0.342863	1.0403	-19.0100	-0.333974
38	Y	-0.341258	0.9082	-16.9033	-0.330021
100	L	-0.339521	0.7719	-16.7180	-0.312584
89	Y	-0.336716	0.8048	-14.1491	-0.330021
128	V	-0.331374	1.0767	-18.8578	-0.324326
131	L	-0.330853	0.9485	-18.2020	-0.312584
4	G	-0.329195	1.0326	-14.9444	-0.342289
201	G	-0.316237	1.2010	-15.4447	-0.342289
154	V	-0.314979	1.0810	-15.7223	-0.324326
2	A	-0.312353	0.4258	-16.6969	-0.235458
35	F	-0.306411	1.3257	-15.8531	-0.341689
83	D	-0.306105	0.5942	-16.0616	-0.251800
27	V	-0.304858	1.1445	-14.8826	-0.324326
136	Y	-0.303332	1.2893	-16.3435	-0.330021
129	V	-0.298237	1.2943	-16.2871	-0.324326
207	R	-0.298016	0.9904	-15.5295	-0.292484
167	I	-0.295989	1.4384	-17.0021	-0.333974
74	V	-0.294911	1.2096	-14.1079	-0.324326
123	I	-0.292274	1.3733	-15.0982	-0.333974
132	L	-0.292253	1.2702	-16.4379	-0.312584
211	S	-0.289595	0.3418	-17.6944	-0.188889
118	L	-0.287016	1.3204	-16.3140	-0.312584
124	N	-0.285837	0.4874	-16.1096	-0.212084
138	L	-0.279821	1.5098	-18.3235	-0.312584
81	I	-0.274363	1.6162	-15.9694	-0.333974
85	I	-0.273658	1.6443	-16.3394	-0.333974
107	A	-0.273347	0.7542	-14.9739	-0.235458
204	V	-0.273132	1.5036	-15.1406	-0.324326
96	M	-0.272758	1.3374	-14.3499	-0.309095
196	G	-0.271516	1.7192	-16.0221	-0.342289
161	F	-0.263858	1.6819	-13.9382	-0.341689
198	V	-0.260958	1.5583	-13.7429	-0.324326
42	R	-0.254632	1.2040	-10.8770	-0.292484
203	F	-0.251079	1.8825	-15.0506	-0.341689
130	A	-0.246642	1.0764	-15.5481	-0.235458
194	V	-0.245547	1.7647	-14.4431	-0.324326
200	L	-0.245500	1.6699	-14.4817	-0.312584
197	V	-0.242863	1.7945	-14.4557	-0.324326
158	V	-0.242758	1.8453	-15.3498	-0.324326
88	R	-0.236863	1.3931	-10.8087	-0.292484
151	L	-0.236611	1.8103	-15.2743	-0.312584
115	A	-0.233232	1.3431	-17.7311	-0.235458
39	V	-0.232200	1.9597	-15.3439	-0.324326
206	R	-0.230300	1.6190	-13.5941	-0.292484
6	G	-0.230053	1.9768	-12.5421	-0.342289
199	L	-0.225663	1.8403	-13.6717	-0.312584
8	G	-0.225658	1.9877	-11.8800	-0.342289
103	T	-0.222842	1.2931	-12.5694	-0.250311
183	L	-0.216337	1.7187	-9.65040	-0.312584
108	Y	-0.216153	1.9205	-10.6423	-0.330021
84	D	-0.211347	1.5099	-14.0037	-0.251800
14	C	-0.209879	2.7873	-8.58302	-0.439979
195	L	-0.208937	2.0627	-14.3985	-0.312584
146	G	-0.208058	2.1432	-11.2315	-0.342289
75	G	-0.200805	2.2883	-12.4296	-0.342289
31	T	-0.200774	1.6167	-14.0794	-0.250311
3	S	-0.200542	1.1197	-14.2655	-0.188889
162	M	-0.200053	2.2017	-15.6863	-0.309095
30	D	-0.196563	1.7951	-16.2505	-0.251800
139	A	-0.194821	1.7021	-16.6765	-0.235458
174	R	-0.193832	2.0520	-14.2560	-0.292484
205	V	-0.193374	2.1977	-12.0272	-0.324326
150	F	-0.192089	2.2656	-10.3999	-0.341689
24	E	-0.188763	1.2511	-11.9651	-0.204658
142	V	-0.188737	2.3618	-14.0738	-0.324326
157	F	-0.188468	2.3359	-10.9590	-0.341689
58	P	-0.188026	1.2497	-10.7395	-0.211732
41	Y	-0.183574	2.2479	-10.1623	-0.330021
9	P	-0.181921	1.4261	-12.7233	-0.211732
40	F	-0.178800	2.3510	-9.33622	-0.341689
51	G	-0.172511	2.3794	-8.52512	-0.342289
15	G	-0.170916	2.6050	-12.2808	-0.342289
140	L	-0.168468	2.2835	-10.4533	-0.312584
178	V	-0.164963	2.3654	-9.48395	-0.324326
36	R	-0.164684	2.0536	-8.57359	-0.292484
143	Y	-0.162742	2.5138	-10.8721	-0.330021
46	E	-0.161984	1.4652	-10.5801	-0.204658
137	R	-0.161784	2.3047	-12.5307	-0.292484
97	L	-0.160821	2.4536	-12.0214	-0.312584
32	E	-0.160653	1.4819	-10.6212	-0.204658
79	A	-0.160268	1.8370	-12.3384	-0.235458
181	L	-0.160163	2.2492	-8.20665	-0.312584
159	V	-0.153463	2.6107	-11.6543	-0.324326
147	L	-0.148932	2.5636	-11.6756	-0.312584
55	P	-0.143789	1.7122	-10.4091	-0.211732
106	N	-0.143626	1.8631	-13.0488	-0.212084
166	C	-0.142189	3.4255	-6.82467	-0.439979
192	L	-0.140179	2.5913	-10.4585	-0.312584
193	V	-0.137863	2.7873	-11.7801	-0.324326
76	R	-0.137247	2.3219	-8.03169	-0.292484
210	K	-0.136084	1.9813	-13.7396	-0.211795
149	G	-0.133816	2.8789	-9.94993	-0.342289
10	P	-0.133747	1.7857	-9.76795	-0.211732
121	S	-0.132716	1.7829	-12.9324	-0.188889
11	R	-0.130305	2.5128	-10.1157	-0.292484
191	V	-0.130032	2.7495	-9.56369	-0.324326
179	A	-0.128137	2.0479	-9.84229	-0.235458
133	G	-0.127784	2.9466	-9.98723	-0.342289
86	N	-0.122579	2.0738	-12.7198	-0.212084
87	R	-0.115847	2.6690	-10.1015	-0.292484
184	G	-0.115537	2.9309	-7.30779	-0.342289
155	T	-0.115311	2.4127	-11.6870	-0.250311
180	A	-0.114305	2.1974	-9.82950	-0.235458
25	E	-0.113953	2.1251	-13.0675	-0.204658
117	S	-0.110284	2.0193	-12.8007	-0.188889
33	E	-0.107226	2.0676	-10.7102	-0.204658
80	I	-0.105363	3.0207	-8.17823	-0.333974
5	Q	-0.105026	2.0826	-13.8205	-0.182821
163	L	-0.101347	2.8534	-7.57405	-0.312584
37	S	-0.100732	2.0212	-10.9659	-0.188889
189	L	-0.0989526	2.9420	-8.70366	-0.312584
185	N	-0.0971526	2.1131	-8.44720	-0.212084
152	G	-0.0969000	3.1382	-7.39332	-0.342289
7	P	-0.0960368	2.2279	-10.3507	-0.211732
188	I	-0.0953842	3.1923	-9.31445	-0.333974
57	D	-0.0945105	2.4252	-7.61200	-0.251800
48	E	-0.0939789	2.1299	-9.23886	-0.204658
59	E	-0.0931684	2.1784	-9.95537	-0.204658
186	G	-0.0930789	3.1697	-7.21166	-0.342289
110	Y	-0.0924474	3.1434	-8.44731	-0.330021
72	G	-0.0855421	3.2502	-7.18474	-0.342289
90	D	-0.0847211	2.7428	-11.4175	-0.251800
60	M	-0.0841579	3.0403	-8.09812	-0.309095
67	P	-0.0832684	2.3076	-9.28320	-0.211732
92	E	-0.0783526	2.3928	-10.9173	-0.204658
28	A	-0.0779263	2.5060	-8.26597	-0.235458
102	P	-0.0778158	2.3951	-9.79391	-0.211732
45	Q	-0.0771684	2.1036	-8.73790	-0.182821
65	L	-0.0755684	3.0824	-6.65307	-0.312584
173	Q	-0.0753105	2.3329	-12.5076	-0.182821
63	L	-0.0749211	3.0376	-5.71819	-0.312584
52	V	-0.0722579	3.1690	-5.80741	-0.324326
172	A	-0.0720895	2.5911	-8.65611	-0.235458
156	R	-0.0641737	3.1917	-9.39811	-0.292484
19	L	-0.0640737	3.2610	-7.61852	-0.312584
109	E	-0.0630474	2.5217	-10.2406	-0.204658
43	H	-0.0617316	2.4172	-12.2108	-0.177205
169	R	-0.0614526	3.1503	-8.11862	-0.292484
44	Q	-0.0609158	2.3464	-9.93215	-0.182821
69	S	-0.0599579	2.3206	-8.36756	-0.188889
116	T	-0.0594526	2.8769	-9.11083	-0.250311
71	M	-0.0580316	3.3129	-7.89270	-0.309095
120	E	-0.0551316	2.6731	-11.4218	-0.204658
23	S	-0.0542895	2.3464	-7.72897	-0.188889
160	D	-0.0522579	3.0424	-10.4641	-0.251800
26	Q	-0.0506842	2.3788	-8.51131	-0.182821
141	H	-0.0456474	2.5496	-11.4451	-0.177205
54	A	-0.0446579	2.8682	-8.27587	-0.235458
168	A	-0.0444895	2.9456	-9.63954	-0.235458
99	H	-0.0438105	2.4576	-9.42382	-0.177205
61	V	-0.0413737	3.5589	-6.78323	-0.324326
104	A	-0.0403737	2.8764	-7.58659	-0.235458
105	E	-0.0397632	2.8379	-11.3827	-0.204658
101	Q	-0.0388474	2.4721	-7.87565	-0.182821
70	T	-0.0360211	3.0253	-7.19419	-0.250311
187	P	-0.0358105	2.8413	-9.60904	-0.211732
145	H	-0.0346053	2.6811	-11.6524	-0.177205
77	Q	-0.0345632	2.6450	-10.1504	-0.182821
53	A	-0.0336263	2.9422	-7.44977	-0.235458
182	N	-0.0330842	2.8320	-8.85491	-0.212084
113	K	-0.0303211	3.0048	-11.4725	-0.211795
20	P	-0.0268368	2.9230	-9.32545	-0.211732
16	E	-0.0262842	2.8288	-8.57507	-0.204658
64	P	-0.0258579	2.8737	-8.24372	-0.211732
112	T	-0.0242263	3.1996	-8.02356	-0.250311
148	T	-0.0221684	3.1487	-6.70404	-0.250311
49	A	-0.0218789	3.0246	-6.63315	-0.235458
190	N	-0.0218158	2.9793	-9.30280	-0.212084
18	A	-0.0199895	3.1799	-9.06078	-0.235458
17	P	-0.0175474	2.9776	-8.48673	-0.211732
13	E	-0.0144105	2.9910	-9.17319	-0.204658
22	A	-0.0141000	3.2825	-9.75901	-0.235458
95	T	-0.0138316	3.3550	-8.78787	-0.250311
165	H	-0.0132211	2.6600	-7.08152	-0.177205
144	Q	-0.0128211	2.9144	-10.7492	-0.182821
73	Q	-0.0127579	2.8259	-9.14076	-0.182821
66	Q	-0.0116684	2.8649	-9.63090	-0.182821
94	Q	-0.00696316	2.9344	-9.96195	-0.182821
202	Q	-0.00332632	2.8395	-7.53898	-0.182821
50	E	-0.00230000	3.0614	-8.06972	-0.204658
21	S	-0.00206316	2.8877	-7.25292	-0.188889
62	T	0.00252632	3.4702	-7.66457	-0.250311
47	Q	0.00338421	2.8984	-7.28756	-0.182821
29	Q	0.00486316	2.9549	-8.01565	-0.182821
153	Q	0.00603158	2.9359	-7.44378	-0.182821
98	Q	0.00721053	3.0438	-9.15717	-0.182821
12	Q	0.00724211	3.0364	-9.01903	-0.182821
91	S	0.00903158	3.0928	-8.77700	-0.188889
56	A	0.0142632	3.4393	-7.02751	-0.235458
164	H	0.0157526	3.0836	-9.04424	-0.177205
68	S	0.0565421	3.5037	-6.87150	-0.188889
